0, 0.26862211569994093
1, 0.26862211569994093
2, 0.27165494861934186
3, 0.27165494861934186
4, 0.27704830160942645
5, 0.27704830160942645
6, 0.2965290265921104
7, 0.4898183582820122
8, 0.596790512924555
9, 0.7798719667515567
10, 0.7798719667515567
11, 0.7798719667515567
12, 0.7798719667515567
13, 0.7798719667515567
14, 0.7798719667515567
15, 0.7798719667515567
16, 0.7798719667515567
17, 0.7798719667515567
18, 0.7798719667515567
19, 0.7798719667515567
20, 0.7798719667515567
21, 0.7798719667515567
22, 0.7798719667515567
23, 0.7798719667515567
24, 0.8610256434684055
25, 0.8610256434684055
26, 0.9832202225334942
27, 0.9832202225334942
28, 1.1374685888546723
29, 1.1374685888546723
30, 1.1548823826900503
31, 1.2805616185325597
32, 1.3314340720890045
33, 1.3350995103984886
34, 1.3350995103984886
35, 1.5379783423253375
36, 1.5379783423253375
37, 1.5379783423253375
38, 1.5379783423253375
39, 1.5379783423253375
40, 1.5379783423253375
41, 1.5379783423253375
42, 1.5379783423253375
43, 1.5379783423253375
44, 1.5379783423253375
45, 1.5379783423253375
46, 1.5379783423253375
47, 1.5379783423253375
48, 1.5379783423253375
49, 1.5379783423253375
50, 1.5379783423253375
51, 1.5379783423253375
52, 1.5379783423253375
53, 1.5379783423253375
54, 1.5379783423253375
55, 1.5379783423253375
56, 1.5379783423253375
57, 1.5379783423253375
58, 1.5379783423253375
59, 1.5379783423253375
60, 1.5379783423253375
61, 1.5379783423253375
62, 1.5379783423253375
63, 1.5379783423253375
64, 1.5379783423253375
65, 1.5379783423253375
66, 1.5379783423253375
67, 1.5379783423253375
68, 1.5379783423253375
69, 1.5379783423253375
70, 1.5379783423253375
71, 1.6824262506209577
72, 1.6824262506209577
73, 1.6824262506209577
74, 1.6824262506209577
75, 1.6824262506209577
76, 1.6824262506209577
77, 1.6824262506209577
78, 1.6824262506209577
79, 1.6824262506209577
80, 1.6824262506209577
81, 1.6824262506209577
82, 1.6824262506209577
83, 1.6824262506209577
84, 1.6824262506209577
85, 1.6824262506209577
86, 1.6824262506209577
87, 1.6824262506209577
88, 1.7287459720397131
89, 1.7287459720397131
90, 1.7287459720397131
91, 1.7287459720397131
92, 1.7287459720397131
93, 1.7287459720397131
94, 1.7287459720397131
95, 1.7287459720397131
96, 1.7287459720397131
97, 1.8040343201949625
98, 1.8040343201949625
99, 1.8040343201949625
100, 1.8040343201949625
101, 1.8040343201949625
102, 1.8040343201949625
103, 1.8040343201949625
104, 1.8040343201949625
105, 1.8040343201949625
106, 1.8040343201949625
107, 1.8040343201949625
108, 1.8535823628803272
109, 1.8535823628803272
110, 1.8535823628803272
111, 1.8535823628803272
112, 1.8535823628803272
113, 1.8535823628803272
114, 1.8535823628803272
115, 1.8535823628803272
116, 1.8535823628803272
117, 1.8535823628803272
118, 1.8535823628803272
119, 1.8535823628803272
120, 1.8535823628803272
121, 1.8535823628803272
122, 1.8535823628803272
123, 1.8535823628803272
124, 1.8535823628803272
125, 1.8535823628803272
126, 1.8535823628803272
127, 1.8535823628803272
128, 1.8535823628803272
129, 1.8535823628803272
130, 1.8535823628803272
131, 1.8535823628803272
132, 1.8535823628803272
133, 1.8535823628803272
134, 1.8535823628803272
135, 1.8535823628803272
136, 1.8535823628803272
137, 1.8535823628803272
138, 1.8535823628803272
139, 1.8535823628803272
140, 1.8535823628803272
141, 1.8535823628803272
142, 1.8535823628803272
143, 1.8535823628803272
144, 1.8535823628803272
145, 1.8535823628803272
146, 1.8535823628803272
147, 1.8535823628803272
148, 1.8535823628803272
149, 1.8535823628803272
150, 1.8535823628803272
151, 1.8535823628803272
152, 1.8535823628803272
153, 1.8535823628803272
154, 1.8535823628803272
155, 1.8535823628803272
156, 1.8535823628803272
157, 1.8535823628803272
158, 1.8535823628803272
159, 1.8535823628803272
160, 1.8535823628803272
161, 1.8535823628803272
162, 1.8535823628803272
163, 1.8535823628803272
164, 1.8535823628803272
165, 1.8535823628803272
166, 1.8535823628803272
167, 1.8535823628803272
168, 1.8535823628803272
169, 1.8535823628803272
170, 1.8535823628803272
171, 1.8535823628803272
172, 1.8535823628803272
173, 1.8535823628803272
174, 1.8535823628803272
175, 1.8535823628803272
176, 1.8535823628803272
177, 1.8535823628803272
178, 1.8535823628803272
179, 1.8535823628803272
180, 1.8535823628803272
181, 1.8535823628803272
182, 1.8535823628803272
183, 1.8535823628803272
184, 1.8535823628803272
185, 1.8535823628803272
186, 1.8535823628803272
187, 1.8535823628803272
188, 1.8535823628803272
189, 1.8535823628803272
190, 1.8535823628803272
191, 1.8535823628803272
192, 1.8535823628803272
193, 1.8535823628803272
194, 1.8535823628803272
195, 1.8535823628803272
196, 1.8535823628803272
197, 1.8535823628803272
198, 1.8535823628803272
199, 1.8535823628803272
200, 1.8535823628803272
201, 1.8535823628803272
202, 1.8535823628803272
203, 1.8535823628803272
204, 1.8535823628803272
205, 1.8535823628803272
206, 1.8535823628803272
207, 1.8535823628803272
208, 1.8535823628803272
209, 1.8535823628803272
210, 1.8535823628803272
211, 1.8535823628803272
212, 1.8535823628803272
213, 1.8535823628803272
214, 1.8535823628803272
215, 1.8535823628803272
216, 1.8535823628803272
217, 1.8535823628803272
218, 1.8535823628803272
219, 1.8535823628803272
220, 1.8535823628803272
221, 1.8535823628803272
222, 1.8535823628803272
223, 1.8535823628803272
224, 1.8535823628803272
225, 1.8535823628803272
226, 1.8535823628803272
227, 1.8535823628803272
228, 1.8535823628803272
229, 1.8535823628803272
230, 1.8535823628803272
231, 1.8535823628803272
232, 1.8535823628803272
233, 1.8535823628803272
234, 1.8535823628803272
235, 1.8535823628803272
236, 1.8535823628803272
237, 1.8535823628803272
238, 1.8535823628803272
239, 1.8535823628803272
240, 1.8535823628803272
241, 1.8535823628803272
242, 1.8535823628803272
243, 1.8535823628803272
244, 1.8535823628803272
245, 1.8535823628803272
246, 1.8535823628803272
247, 1.8535823628803272
248, 1.8535823628803272
249, 1.8535823628803272
250, 1.8535823628803272
251, 1.8535823628803272
252, 1.8535823628803272
253, 1.8535823628803272
254, 1.8535823628803272
255, 1.8535823628803272
256, 1.8535823628803272
257, 1.8535823628803272
258, 1.8535823628803272
259, 1.8535823628803272
260, 1.8535823628803272
261, 1.8535823628803272
262, 1.8535823628803272
263, 1.8535823628803272
264, 1.8535823628803272
265, 1.8535823628803272
266, 1.8535823628803272
267, 1.8535823628803272
268, 1.8535823628803272
269, 1.8535823628803272
270, 1.8535823628803272
271, 1.8535823628803272
272, 1.8535823628803272
273, 1.8535823628803272
274, 1.8535823628803272
275, 1.8535823628803272
276, 1.8535823628803272
277, 1.8535823628803272
278, 1.92298100866015
279, 1.92298100866015
280, 1.92298100866015
281, 1.92298100866015
282, 1.92298100866015
283, 1.92298100866015
284, 1.92298100866015
285, 1.92298100866015
286, 1.92298100866015
287, 1.92298100866015
288, 1.92298100866015
289, 1.92298100866015
290, 1.92298100866015
291, 1.92298100866015
292, 1.92298100866015
293, 1.92298100866015
294, 1.92298100866015
295, 1.92298100866015
296, 1.92298100866015
297, 1.92298100866015
298, 1.92298100866015
299, 1.92298100866015
300, 1.92298100866015
301, 1.92298100866015
302, 1.92298100866015
303, 1.92298100866015
304, 1.92298100866015
305, 1.92298100866015
306, 1.92298100866015
307, 1.92298100866015
308, 1.92298100866015
309, 1.92298100866015
310, 1.92298100866015
311, 1.92298100866015
312, 1.92298100866015
313, 2.031676233999326
314, 2.031676233999326
315, 2.031676233999326
316, 2.355856500739847
317, 2.3628588705975906
318, 2.3628588705975906
319, 2.3628588705975906
320, 2.3785799970028294
321, 2.4094288516755547
322, 2.422764320929098
323, 2.422764320929098
324, 2.422764320929098
325, 2.422764320929098
326, 2.422764320929098
327, 2.422764320929098
328, 2.422764320929098
329, 2.422764320929098
330, 2.422764320929098
331, 2.422764320929098
332, 2.5520494958882995
333, 3.1967458452770083
334, 3.5736965333282753
335, 3.5736965333282753
336, 3.6128758224900537
337, 3.6128758224900537
338, 3.6128758224900537
339, 3.6128758224900537
340, 3.6128758224900537
341, 3.6128758224900537
342, 3.6128758224900537
343, 3.6128758224900537
344, 3.6128758224900537
345, 3.6128758224900537
346, 3.6128758224900537
347, 3.6128758224900537
348, 3.6128758224900537
349, 3.6128758224900537
350, 3.6128758224900537
351, 3.6128758224900537
352, 3.6128758224900537
353, 3.6128758224900537
354, 3.6128758224900537
355, 3.6128758224900537
356, 3.6128758224900537
357, 3.6128758224900537
358, 3.6128758224900537
359, 3.6128758224900537
360, 3.6128758224900537
361, 3.6128758224900537
362, 3.6128758224900537
363, 3.6128758224900537
364, 3.6128758224900537
365, 3.628772671832045
366, 3.628772671832045
367, 3.628772671832045
368, 3.628772671832045
369, 3.628772671832045
370, 3.6454259834542357
371, 3.6454259834542357
372, 3.6454259834542357
373, 3.6454259834542357
374, 3.6454259834542357
375, 3.7875394204869606
376, 3.7875394204869606
377, 3.7875394204869606
378, 3.7875394204869606
379, 4.068704435482015
380, 4.448338095191317
381, 4.448338095191317
382, 4.448338095191317
383, 4.448338095191317
384, 4.448338095191317
385, 4.448338095191317
386, 4.448338095191317
387, 4.448338095191317
388, 4.448338095191317
389, 4.448338095191317
390, 4.448338095191317
391, 4.448338095191317
392, 4.448338095191317
393, 4.448338095191317
394, 4.448338095191317
395, 4.448338095191317
396, 4.448338095191317
397, 4.448338095191317
398, 4.448338095191317
399, 4.448338095191317
400, 4.448338095191317
401, 4.448338095191317
402, 4.448338095191317
403, 4.448338095191317
404, 4.448338095191317
405, 4.448338095191317
406, 4.448338095191317
407, 4.448338095191317
408, 4.448338095191317
409, 4.448338095191317
410, 4.448338095191317
411, 4.448338095191317
412, 4.448338095191317
413, 4.448338095191317
414, 4.448338095191317
415, 4.448338095191317
416, 4.448338095191317
417, 4.448338095191317
418, 4.448338095191317
419, 4.448338095191317
420, 4.448338095191317
421, 4.448338095191317
422, 4.448338095191317
423, 4.448338095191317
424, 4.448338095191317
425, 4.448338095191317
426, 4.448338095191317
427, 4.448338095191317
428, 4.448338095191317
429, 4.448338095191317
430, 4.448338095191317
431, 4.448338095191317
432, 4.448338095191317
433, 4.448338095191317
434, 4.448338095191317
435, 4.448338095191317
436, 4.448338095191317
437, 4.448338095191317
438, 4.448338095191317
439, 4.448338095191317
440, 4.448338095191317
441, 4.448338095191317
442, 4.448338095191317
443, 4.448338095191317
444, 4.448338095191317
445, 4.448338095191317
446, 4.448338095191317
447, 4.448338095191317
448, 4.448338095191317
449, 4.448338095191317
450, 4.448338095191317
451, 4.448338095191317
452, 4.448338095191317
453, 4.448338095191317
454, 4.448338095191317
455, 4.448338095191317
456, 4.448338095191317
457, 4.448338095191317
458, 4.448338095191317
459, 4.448338095191317
460, 4.448338095191317
461, 4.448338095191317
462, 4.448338095191317
463, 4.448338095191317
464, 4.448338095191317
465, 4.448338095191317
466, 4.448338095191317
467, 4.448338095191317
468, 4.448338095191317
469, 4.448338095191317
470, 4.448338095191317
471, 4.448338095191317
472, 4.448338095191317
473, 4.448338095191317
474, 4.448338095191317
475, 4.448338095191317
476, 4.448338095191317
477, 4.448338095191317
478, 4.448338095191317
479, 4.448338095191317
480, 4.448338095191317
481, 4.448338095191317
482, 4.448338095191317
483, 4.448338095191317
484, 4.448338095191317
485, 4.448338095191317
486, 4.448338095191317
487, 4.448338095191317
488, 4.448338095191317
489, 4.448338095191317
490, 4.448338095191317
491, 4.448338095191317
492, 4.448338095191317
493, 4.448338095191317
494, 4.448338095191317
495, 4.448338095191317
496, 4.448338095191317
497, 4.448338095191317
498, 4.448338095191317
499, 4.448338095191317
500, 4.448338095191317


1.5020702520562164 1.4646255278089066
0.6390264001233766 0.6390264001233766
1.174767674384384 0.850071409679351
2.174917424632298 -0.20830184734802143
4.448338095191317 4.448338095191317
1.8615772303442601 1.3440305034474462
0.16724877531970783 0.16724877531970783
1.6677200228837759 0.009261263150704444
1.2308929091136396 0.38707186737225313
2.055377156050767 0.9619502477383264